intrinsic:
655.8406624669565 0.0 624.4433250951265 
0.0 656.8728281297222 344.5194517390061 
0.0 0.0 1.0 
distortion:
0.23613758944316174 -0.378767600325791 0.0015460641461298647 -0.002924204746170684 0.21267615290685896 
