intrinsic:
656.0072243070211 0.0 626.9961192188143 
0.0 655.9843604161911 335.1180041418136 
0.0 0.0 1.0 
distortion:
0.27185905408259686 -0.8157137814206288 -0.0037534663145909926 0.006082929045537001 1.8275816575953854 
