intrinsic:
659.2160194534307 0.0 624.1222399963983 
0.0 659.780916432837 342.7893549412113 
0.0 0.0 1.0 
distortion:
0.17546083164496884 0.3233802651359084 -0.0001012800289186096 -0.0035658718129056724 -2.458282365344207 
