intrinsic:
658.2204523844442 0.0 632.8755070670163 
0.0 658.1425409289081 336.92730583544767 
0.0 0.0 1.0 
distortion:
0.21327653170650906 -0.2701359583746009 -0.004047193264962537 0.0022917418894320613 0.10847256952234395 
