intrinsic:
664.2672071994945 0.0 636.7897595194702 
0.0 665.5883351383576 328.4133517949121 
0.0 0.0 1.0 
distortion:
0.22322313535761082 -0.270814926792558 -0.006217083604300242 0.0043113531198439095 0.13450940446971596 
