intrinsic:
657.5594843636487 0.0 614.1879503341772 
0.0 657.0723735343437 328.65389045552706 
0.0 0.0 1.0 
distortion:
0.21307313585160806 -0.2560696592850688 -0.007087639814319901 -0.0038229312488288693 0.10492462832311475 
