intrinsic:
655.8325659596619 0.0 618.1951062210082 
0.0 656.2799393336156 329.8132611919784 
0.0 0.0 1.0 
distortion:
0.1950110988892563 -0.14580408654668572 -0.0052182134864290335 0.0002976562390851302 -0.1722274066107762 
