intrinsic:
660.977042809384 0.0 622.5852784092023 
0.0 660.2092485546242 339.6881466210519 
0.0 0.0 1.0 
distortion:
0.1888492778734968 -0.15958125431324754 0.003001991789938081 0.004604690266163022 -0.10914789584081704 
