intrinsic:
651.2151836979032 0.0 626.1771391325005 
0.0 650.1995719066485 341.8149367016781 
0.0 0.0 1.0 
distortion:
0.20343227579453593 -0.29659255102992377 -0.00013416440720304883 -0.0019131836819508597 0.11633075752836187 
