intrinsic:
657.0213946649379 0.0 632.7031083697295 
0.0 657.163011832483 335.7897194405452 
0.0 0.0 1.0 
distortion:
0.22966653556970182 -0.5239321691362392 -0.003087674709457414 0.0031660454892362563 0.685048933722612 
