intrinsic:
648.8713579511581 0.0 630.0575975094055 
0.0 648.9210869059933 343.0294553319301 
0.0 0.0 1.0 
distortion:
0.21387624722308224 -0.3469461258923784 -0.001396668928726838 -0.0010729433262842935 0.2615066997963972 
