intrinsic:
653.3574711200278 0.0 604.1611614092811 
0.0 652.9231891930364 337.5614576292042 
0.0 0.0 1.0 
distortion:
0.20588183672136506 -0.3087263416194987 0.0033007634334973807 -0.009187880263448314 0.243889456886736 
