intrinsic:
659.3096813546304 0.0 604.4493584742445 
0.0 658.3654687498087 337.17873609464374 
0.0 0.0 1.0 
distortion:
0.22817485551005576 -0.3306584833560216 0.0005119706839020802 -0.010545736937396065 0.18234221463959416 
