intrinsic:
663.6561230976122 0.0 591.1875225722334 
0.0 660.0450019756663 332.7536607165057 
0.0 0.0 1.0 
distortion:
0.17184861818050487 -0.029835060394940795 -0.005727222182447468 -0.02055648566706057 0.3769868399291834 
