intrinsic:
651.8153289259675 0.0 600.2810904425293 
0.0 652.2420608510938 337.26057084558005 
0.0 0.0 1.0 
distortion:
0.13786673814194614 0.05302356073429689 -0.0029422913055912885 -0.020907261439588713 -0.2739915191584599 
