intrinsic:
649.8168689646345 0.0 620.1311125442367 
0.0 651.046888614323 333.16404557886983 
0.0 0.0 1.0 
distortion:
0.191936681953707 -0.15850344738672253 -0.003920918757106892 0.0022948279959217484 -0.2517778697698935 
